3611010100	3611031000	3611011800	3611010200	3611010100	3611034000														
3611010200	3611031000	3611010200	3611010300	3611010100	3611034000														
3611010300	3611031000	3611010200	3611010300	3611010400	3611034000														
3611010400	3611031000	3611010300	3611010400	3611034000															
3611010500	3611031000	3611010800	3611010600	3611010500	3611035000														
3611010600	3611031000	3611010800	3611010700	3611010600	3611010500														
3611010700	3611031000	3611011000	3611010800	3611010700	3611010900	3611010600													
3611010800	3611010800	3611010700	3611010900	3611010600	3611010500	3611035000													
3611010900	3611011200	3611011000	3611011100	3611010800	3611010700	3611010900	3611035000												
3611011000	3611031000	3611011000	3611011100	3611011400	3611010700	3611010900													
3611011100	3611011200	3611011000	3611011100	3611011400	3611010900	3611011300													
3611011200	3611031000	3611011200	3611011500	3611011100	3611010900	3611011300	3611035000												
3611011300	3611011200	3611011500	3611011100	3611011400	3611011300														
3611011400	3611031000	3611011500	3611011600	3611011000	3611011100	3611011400	3611011300												
3611011500	3611031000	3611011200	3611011500	3611011600	3611011400	3611011300													
3611011600	3611031000	3611011500	3611011600	3611011400															
3611011700	3611031000	3611032000	3611011700																
3611011800	3611031000	3611011800	3611010100	3611034000															
3611025000	3611038000	3611025000	3611036000	3611032000															
3611031000	3611031000	3611011200	3611011500	3611011600	3611011800	3611011000	3611011400	3611010700	3611010600	3611010500	3611036000	3611035000	3611010200	3611010300	3611010400	3611010100	3611034000	3611032000	3611011700
3611032000	3611031000	3611033000	3611025000	3611036000	3611034000	3611032000	3611011700												
3611033000	3611033000	3611034000	3611032000																
3611034000	3611031000	3611011800	3611033000	3611035000	3611010200	3611010300	3611010400	3611010100	3611034000	3611032000									
3611035000	3611031000	3611011200	3611010800	3611010900	3611010500	3611036000	3611035000	3611034000											
3611036000	3611031000	3611037000	3611038000	3611025000	3611036000	3611035000	3611032000												
3611037000	3611037000	3611039000	3611038000	3611036000															
3611038000	3611037000	3611038000	3611025000	3611036000															
3611039000	3611037000	3611039000																	
